SN	Data	Gray	Member1	Member2	Class
 1	  0	0.000000	0.976714	0.023286	1
 2	  0	0.000000	0.976714	0.023286	1
 3	 25	0.098039	0.999792	0.000208	1
 4	150	0.588235	0.042912	0.957088	2
 5	255	1.000000	0.107319	0.892681	2
 6	255	1.000000	0.107319	0.892681	2
 7	  0	0.000000	0.976714	0.023286	1
 8	 25	0.098039	0.999792	0.000208	1
 9	 82	0.321569	0.746212	0.253788	1
10	150	0.588235	0.042912	0.957088	2
11	150	0.588235	0.042912	0.957088	2
12	255	1.000000	0.107319	0.892681	2
13	 25	0.098039	0.999792	0.000208	1
14	 82	0.321569	0.746212	0.253788	1
15	150	0.588235	0.042912	0.957088	2
16	 82	0.321569	0.746212	0.253788	1
17	 41	0.160784	0.989625	0.010375	1
18	150	0.588235	0.042912	0.957088	2
19	150	0.588235	0.042912	0.957088	2
20	150	0.588235	0.042912	0.957088	2
21	 41	0.160784	0.989625	0.010375	1
22	 25	0.098039	0.999792	0.000208	1
23	 25	0.098039	0.999792	0.000208	1
24	 82	0.321569	0.746212	0.253788	1
25	150	0.588235	0.042912	0.957088	2
26	 82	0.321569	0.746212	0.253788	1
27	 25	0.098039	0.999792	0.000208	1
28	  0	0.000000	0.976714	0.023286	1
29	  0	0.000000	0.976714	0.023286	1
30	 25	0.098039	0.999792	0.000208	1
31	255	1.000000	0.107319	0.892681	2
32	150	0.588235	0.042912	0.957088	2
33	 82	0.321569	0.746212	0.253788	1
34	  0	0.000000	0.976714	0.023286	1
35	  0	0.000000	0.976714	0.023286	1
36	  0	0.000000	0.976714	0.023286	1
C#1= 23
C#2= 13
Center#1= 0.106575
Center#2= 0.690224
Threshold= 0.398400

