SN	Data	Gray	Member1	Member2	Member3	Class
 1	  0	0.000000	0.005657	0.975562	0.018781	2
 2	  0	0.000000	0.005657	0.975562	0.018781	2
 3	 25	0.098039	0.000606	0.996966	0.002428	2
 4	150	0.588235	0.010067	0.006393	0.983540	3
 5	255	1.000000	0.999926	0.000014	0.000059	1
 6	255	1.000000	0.999926	0.000014	0.000059	1
 7	  0	0.000000	0.005657	0.975562	0.018781	2
 8	 25	0.098039	0.000606	0.996966	0.002428	2
 9	 82	0.321569	0.057089	0.430853	0.512058	3
10	150	0.588235	0.010067	0.006393	0.983540	3
11	150	0.588235	0.010067	0.006393	0.983540	3
12	255	1.000000	0.999926	0.000014	0.000059	1
13	 25	0.098039	0.000606	0.996966	0.002428	2
14	 82	0.321569	0.057089	0.430853	0.512058	3
15	150	0.588235	0.010067	0.006393	0.983540	3
16	 82	0.321569	0.057089	0.430853	0.512058	3
17	 41	0.160784	0.009748	0.944592	0.045660	2
18	150	0.588235	0.010067	0.006393	0.983540	3
19	150	0.588235	0.010067	0.006393	0.983540	3
20	150	0.588235	0.010067	0.006393	0.983540	3
21	 41	0.160784	0.009748	0.944592	0.045660	2
22	 25	0.098039	0.000606	0.996966	0.002428	2
23	 25	0.098039	0.000606	0.996966	0.002428	2
24	 82	0.321569	0.057089	0.430853	0.512058	3
25	150	0.588235	0.010067	0.006393	0.983540	3
26	 82	0.321569	0.057089	0.430853	0.512058	3
27	 25	0.098039	0.000606	0.996966	0.002428	2
28	  0	0.000000	0.005657	0.975562	0.018781	2
29	  0	0.000000	0.005657	0.975562	0.018781	2
30	 25	0.098039	0.000606	0.996966	0.002428	2
31	255	1.000000	0.999926	0.000014	0.000059	1
32	150	0.588235	0.010067	0.006393	0.983540	3
33	 82	0.321569	0.057089	0.430853	0.512058	3
34	  0	0.000000	0.005657	0.975562	0.018781	2
35	  0	0.000000	0.005657	0.975562	0.018781	2
36	  0	0.000000	0.005657	0.975562	0.018781	2
C#1= 4
C#2= 17
C#3= 15
Center#1= 0.996507
Center#2= 0.075886
Center#3= 0.546930
Threshold= 0.539774

