-2.590997
-0.950479
3.280082
5.253426
3.630564
4.080137
4.855534
3.295337
4.944241
4.622077
5.253951
3.196749
2.348285
-0.189470
-8.278452
-14.022216
-21.652481
-19.972823
-21.912462
-27.132853
-25.551679
-23.728230
-21.951531
-20.334150
-20.608106
-22.560680
-20.344804
-21.537799
-17.310544
-4.717062
-3.679007
0.771536
2.948864
4.273787
5.739754
4.628414
3.446895
2.296442
2.904181
2.687117
1.765052
0.240864
-0.961945
0.086219
-1.140194
-3.183590
-4.438713
-9.209385
-10.248503
-11.316237
-13.976308
-10.942158
-18.791978
-29.162957
-30.418989
-23.058669
-24.986930
-21.598300
-20.073546
-20.172080
-21.475292
-22.101487
-23.661165
-23.227263
-23.029601
-23.332285
-24.313982
-24.673539
-24.279074
-19.872622
-15.944810
-18.127418
-10.908335
-11.290927
-9.935962
-8.604432
-4.585450
-2.041923
-5.475181
-1.439172
-7.137083
-2.122983
-2.417419
-10.367457
-7.999456
-11.023818
-9.491161
-8.875284
-7.698645
-6.223870
-7.387093
-8.720978
-8.560133
-7.535112
-5.921898
-5.544711
-7.195634
-6.044433
-4.176972
-2.906395
-3.248223
-2.899538
-3.347262
-4.306502
-0.545178
0.359049
0.109391
-2.612406
0.079218
2.466578
0.739333
0.849155
2.255167
1.970548
3.778772
3.286947
1.924426
-0.145605
0.766751
1.094491
0.332255
-0.738174
-1.133626
-2.233080
-3.225010
-4.709458
-2.501452
-1.545590
-3.636588
-4.205188
-6.113030
-6.305154
-2.023922
-4.030988
-4.662659
-6.504116
-5.182192
-6.275622
-4.022444
-4.313640
-5.141817
-5.735146
-5.991131
-6.051915
-5.155165
-6.418637
-6.676532
-7.059469
-7.059398
-6.628858
-5.393712
-7.956453
-7.615562
-6.586625
-7.335042
-7.416445
-6.441095
-7.400674
-4.664187
-6.105163
-4.547087
-3.940244
-1.899560
1.739425
-2.361478
-7.442196
-7.509263
-6.842088
-6.915885
-5.740569
-4.462253
-5.094229
-8.092295
-5.245029
-6.248059
-7.290121
-8.697723
-6.253438
-5.518706
-9.956060
-12.571252
-9.796429
-11.259713
-10.740300
-11.925480
-9.447769
-7.861352
-7.148712
-0.828948
-3.117707
-2.129359
-0.800839
-2.020522
-7.141143
-9.563172
-10.210039
-10.556832
-10.374718
-10.036423
-10.319628
-12.821252
-13.084141
-12.395145
-12.452404
-13.086467
-11.996134
-15.278677
-15.587527
-15.712301
-15.658373
-15.457718
-14.794737
-17.123354
-16.699699
-21.210178
-20.484264
-19.315809
-16.855412
-15.567386
-19.747491
-15.556256
-16.397738
-13.669144
-14.173573
-14.864024
-12.812550
-12.985543
-15.686189
-14.437398
-14.477931
-14.078684
-15.267688
-13.927952
-11.508567
-12.346956
-11.727408
-11.785926
-9.455802
-8.417593
-9.218320
-8.809045
-7.404366
-10.338263
-3.779670
-4.369144
-0.954475
1.988758
4.268517
-0.768440
-0.591499
-1.233514
-0.614488
-1.029882
-1.241100
-2.157835
-3.342644
-3.553965
-1.978628
-1.840228
-2.315507
-1.705721
-3.394695
-2.276045
-2.927910
-0.702306
-1.623841
-0.144839
0.314799
-2.556092
-1.213386
0.471034
0.685141
-0.428769
1.389290
2.055473
2.221764
2.640435
5.842226
6.437801
7.211197
6.789090
6.167114
4.922122
5.691657
6.695897
6.104147
5.875046
5.999716
5.009692
3.602768
2.343246
3.318262
6.059531
4.591123
4.126564
0.459221
-1.924708
-3.200323
-3.227070
-3.579155
-3.185148
-0.943896
1.286628
2.473895
4.623027
4.289524
4.734669
3.552294
4.721349
4.665218
4.288580
4.337630
4.876736
4.689699
3.800399
5.080849
5.096418
6.065019
5.376371
5.994053
3.245292
4.947265
6.376861
6.140883
8.575397
10.293626
10.467339
6.576221
8.030432
9.990395
1.719086
2.743723
3.626952
5.411391
7.176465
4.863240
5.535712
3.486058
6.691346
6.488580
4.112951
4.002071
6.276630
3.382465
0.470989
-1.480724
1.559838
2.725008
2.464741
3.815932
3.075424
0.496418
4.694660
2.370355
1.815358
-1.987387
-0.677402
-0.910436
-7.023703
-9.468342
-11.734671
-11.330603
-12.244651
-10.222551
-9.524415
-11.110448
-11.636244
-11.424637
-11.549274
-12.886471
-10.944021
-11.629607
-11.823159
-12.080349
-12.055652
-13.217172
-12.365581
-13.464813
-11.539659
-13.470209
-13.081605
-12.571397
-14.257967
-14.215584
-12.202713
-1.477834
-1.119274
-1.056406
-1.647110
-1.808818
-1.896346
-0.774288
-4.021465
-2.077826
-2.385991
-2.428251
-2.956088
-2.096924
-3.493700
-5.627667
-3.282657
-4.168574
-1.844945
-1.739992
-1.292722
-2.185133
-4.340061
1.542241
2.320922
0.585109
-0.898543
-0.423032
0.975855
-2.006403
-3.623460
-5.895577
-4.657649
-5.259876
-6.325615
-5.739228
-6.545166
-7.600240
-5.741459
-5.789571
-6.245996
-5.546792
-8.063217
-7.767873
-7.819475
-5.650040
-4.782271
-4.385342
-5.253031
-4.945192
-5.575008
-4.192012
-4.898531
-3.661027
-4.978342
-3.336529
3.362535
2.964389
3.697320
2.923353
2.664047
3.883145
2.719874
1.217632
0.630189
1.061028
2.188381
2.113677
1.236928
0.763491
-1.071800
4.241146
0.890043
4.589499
3.170373
1.758623
0.822827
0.369644
0.947240
4.721830
2.628516
1.018261
1.891438
2.908420
4.892812
6.842585
5.765078
7.123707
6.543817
6.067410
6.690855
6.502108
5.418803
8.392400
8.133761
8.487448
8.405284
5.429286
5.788069
5.605395
6.933073
7.031765
7.108051
6.974475
7.156781
7.964069
10.644151
9.088100
9.142528
7.691121
9.803770
-3.669275
-2.409876
-1.909560
-1.314839
-1.057608
-1.130082
-1.361181
-1.974687
-1.920139
-0.819549
-0.976906
-0.969293
-0.459119
0.500146
0.020250
0.778977
0.076104
1.332109
1.338767
0.834076
0.875576
1.188741
-0.609149
0.170035
-0.542349
-1.664678
-0.151885
-2.523503
-4.027649
-4.936782
-6.219258
-5.210828
-6.671702
-4.890505
-4.759238
-5.555001
-5.993888
-4.799587
-5.198533
-5.808340
-4.772618
-5.407779
-5.542888
-5.559567
-7.312684
-6.965659
-6.467240
-8.434006
-5.696377
-7.607919
-6.198807
-5.640843
-6.179231
-5.284633
-1.559793
-5.389511
-2.698583
-2.923245
-2.933707
-3.059250
-4.054896
-2.179799
-3.395925
-1.601402
0.343789
0.214764
1.296753
2.008883
4.733323
5.279178
0.394550
1.195486
0.254297
0.755876
1.928092
-0.622393
-2.451207
-3.013156
-4.323476
-4.459942
-2.350514
-0.512349
-3.618095
-2.123315
-3.448252
-4.759233
-3.554670
-5.390107
-4.913550
-5.663106
-6.477326
-6.384339
-6.399951
-6.517296
-7.987490
-7.119530
-5.753461
-5.027496
-5.277306
-6.940844
-6.034193
-5.994647
-7.691066
-5.226636
-5.541907
-5.734933
-4.230547
-3.563268
-1.423156
1.000644
0.492743
1.090035
0.683290
1.428647
1.277597
0.593640
0.429344
-0.392169
1.991011
3.274036
2.978817
5.807332
5.307635
6.882161
6.047379
3.683246
4.365473
5.242849
3.186242
4.671592
2.858672
3.751582
3.005736
4.703570
5.059502
4.865964
6.827038
4.537009
6.276118
8.117813
6.864117
7.681250
7.195715
7.338587
6.873361
5.770068
5.381765
7.081071
7.513889
6.926814
6.325602
6.159211
7.565768
6.738981
7.310526
7.361783
5.438637
5.408608
5.149893
8.498985
7.944220
7.390093
7.194377
8.339394
7.058530
