-22.810875
-16.523298
-14.720006
-13.013390
-12.117580
-10.269240
-8.696425
-8.572730
-8.401550
-8.408960
-10.749745
-11.377537
-14.455814
-18.156876
-25.331133
-31.372925
-33.284924
-35.388393
-41.476209
-46.507051
-53.021717
-52.256166
-56.206729
-45.110985
-37.300381
-10.541751
-1.804929
2.440199
5.439398
6.235557
6.819826
6.690423
6.421788
5.642809
4.846922
4.810997
2.605327
1.725088
0.047365
-5.393655
-8.202107
-15.671441
-17.260321
-18.824820
-25.549305
-30.233846
-9.829027
-8.788067
-9.293476
-8.925649
-12.137481
-10.139558
-10.927285
-10.962229
-10.544654
-10.205718
-10.301373
-10.979595
-10.131499
-6.778746
-4.291425
-4.097250
-1.247322
-2.192167
-1.094404
-1.271480
-1.361909
-0.745542
-2.350158
-1.426537
-7.120305
-11.084333
-13.823852
-13.632799
-12.499201
-12.110727
-11.249901
-10.286708
-9.031026
-10.195567
-9.785741
-8.549598
-8.498915
-7.453165
-5.303633
-7.425018
-4.742876
-2.578082
-1.041636
-1.737792
-0.455467
1.848496
5.237144
5.480041
6.122963
5.656887
3.694031
5.278718
4.449301
3.369878
3.934832
4.074677
3.708361
2.075759
2.020254
4.845525
6.644272
4.603410
3.518134
2.092462
4.077272
3.789295
4.131948
3.375733
1.141455
-1.662846
-0.385640
0.215727
-1.610823
-3.874632
-5.702511
-7.509443
-8.398806
-8.561897
-7.557985
-8.368131
-8.429943
-6.564739
-6.185361
-5.246568
-3.169844
-6.444664
-1.217342
0.418122
0.833298
-2.017373
-0.738827
-1.045128
-16.805051
-16.025875
-14.776501
-15.270190
-14.097067
-12.991630
-12.147421
-12.764119
-13.154091
-13.522126
-13.658222
-15.239220
-17.582600
-17.128894
-14.773278
-15.777770
-16.801128
-14.803230
-15.660888
-14.597091
-15.661485
-12.772479
-13.848429
-13.779660
-14.743412
-12.891352
-11.740418
-12.681236
-13.038798
-13.651995
-14.632896
-15.645276
-16.429520
-16.994537
-18.000311
-17.961270
-19.178979
-18.781407
-18.181956
-21.797176
-19.050290
-19.576905
-21.055645
-20.213227
-17.789660
-16.209140
-13.570403
-12.545378
-11.394055
-11.255712
-11.148526
-11.927507
-11.374838
-10.114847
-11.076041
-11.137931
-10.909551
-11.577225
-13.345852
-13.037693
-12.008777
-11.587376
-9.751991
-5.722181
-8.588713
-6.608498
-8.442208
-3.629535
-2.202307
-2.449762
-9.417590
-11.842940
-10.555550
-8.901173
-6.835895
-6.563543
-6.559402
-7.219197
-7.225684
-7.803354
-7.267834
-8.383207
-9.475347
-8.970308
-7.939346
-8.232299
-8.205010
-5.482582
-7.096928
-3.689660
-4.450534
-0.492878
11.003341
11.691553
12.085104
12.532704
11.678750
12.094456
12.099630
12.728029
11.754606
11.962654
11.198989
10.556282
9.670548
10.606032
7.927499
7.457270
8.800442
6.388316
5.856036
7.468100
6.397329
7.728519
8.438481
5.215224
2.014047
2.119992
1.102526
1.732676
2.664404
2.654993
3.100043
3.214554
4.022011
3.503547
5.331112
4.450420
5.480608
5.431608
6.940638
7.179281
7.447311
10.765589
9.474202
8.277732
4.613136
9.015786
-1.210935
-1.154456
-1.564900
-1.190788
-0.501596
1.315854
0.400854
-0.244809
-0.387195
0.057726
-0.959528
-0.863202
-2.648556
-2.340909
-1.925802
-0.959387
-0.784364
-7.923936
-3.258282
-2.022149
-2.596700
-1.963191
-1.688146
-3.639795
-3.586537
-4.335893
-6.649581
-7.895590
-9.491342
-9.046961
-8.882243
-9.279616
-9.861485
-11.316025
-9.911776
-10.480818
-8.887441
-10.376901
-9.121700
-10.713446
-8.532773
-8.573787
-8.680534
-12.152000
-11.298825
-8.081231
-7.193346
-7.999284
-7.462039
-6.401295
-5.939333
-6.894729
-9.160548
-9.241892
-8.349564
-7.551341
-7.492622
-5.216046
-7.367291
-9.264946
-6.470420
-5.623007
-5.435966
-8.983263
-4.497298
-5.087821
-7.039580
-4.300704
-2.601411
-2.438079
-2.811228
-1.862890
-1.031628
-0.821798
-2.462774
-2.326022
-2.936367
-4.185239
-5.328253
-8.237844
-7.062900
-7.227238
-6.766699
-9.124453
-8.143636
-8.636231
-6.110153
-7.137163
-5.840606
-5.316459
-3.316440
-5.213401
9.334929
7.241141
8.527552
9.626302
9.351564
7.916307
7.515528
6.949945
6.899314
7.184336
7.485446
9.936279
8.581958
7.246848
6.160302
5.793429
7.689513
7.499360
6.282211
6.095007
3.872731
5.703133
5.879031
4.679159
2.440740
6.242579
7.300924
8.101255
8.964531
9.206337
8.646819
8.474148
7.932050
5.626634
6.017688
5.696912
6.198993
4.611299
5.002791
5.608259
5.874357
5.631645
6.433238
9.997267
8.966521
7.493139
4.904689
4.030580
4.859934
4.516887
4.952202
4.418695
5.977686
4.960027
4.281964
4.480830
3.614654
4.175759
3.360256
5.733301
3.374011
4.414798
6.896681
6.954987
3.626877
5.625564
3.310671
4.029422
2.340235
0.023553
-1.952255
-3.368396
-4.975659
-5.813328
-4.286184
-4.115352
-4.470889
-4.526359
-4.063759
-4.073547
-4.532045
-4.989034
-3.359881
-3.603442
-3.268569
-3.219209
-4.167265
-3.497218
-4.290936
-2.081861
-3.866525
-2.277780
-4.781870
-3.396200
-3.592766
-3.673611
-3.118679
-4.837406
-3.758797
-3.701991
-3.229494
-2.570111
-4.162398
-3.962172
-4.158965
-1.652328
-1.689399
-0.603576
-0.197853
-0.346522
-0.905167
0.034458
-2.844988
-0.305217
-0.470730
-1.577055
-1.381172
-4.631593
-4.605786
-5.100952
-4.445008
-5.202561
-5.699899
-6.974228
-6.123005
-5.071714
-5.516737
-5.852650
-4.115222
-4.440095
-4.341274
-3.465336
-3.900953
-2.658224
-4.779053
-3.448818
-4.138812
-4.800748
-1.748054
-1.114188
-1.831104
-0.581164
-0.275193
-1.761668
-0.934312
-1.045724
-0.376218
-0.089489
-0.946589
-0.075187
0.617504
-0.320672
0.148899
-0.198207
0.229941
-0.839997
0.660591
-0.282327
-1.715471
0.590067
0.962638
1.753075
0.472970
1.370534
2.760951
3.535972
5.154747
5.139798
5.207357
4.951572
5.009301
5.066480
4.586073
4.181800
5.334902
4.511990
3.457012
5.094894
4.517626
4.612686
2.495680
4.504534
6.546456
6.251751
