-41.925788
-38.408391
-46.150798
-47.708790
-50.726120
-43.985227
-36.653174
-16.095602
-22.770036
-19.619933
-7.778861
-0.586854
0.510641
1.377055
-1.090945
0.597601
3.636341
3.397023
3.730751
2.699206
3.714382
3.486598
1.503485
1.954825
1.339444
1.514350
-4.095474
-2.294772
-6.944656
-15.293874
-19.012117
-24.455405
-26.801502
-27.655456
-27.868376
-32.441941
-32.290017
-34.036363
-36.308532
-39.962764
-36.956280
-19.488025
-22.702944
-31.858604
-3.747873
-1.478351
-0.141973
2.198702
1.586451
0.700727
0.422913
-0.948079
-0.632961
-0.620215
-1.332306
-4.541088
-6.338749
-6.507470
-6.753072
-5.193589
-5.429639
-5.619383
-6.187800
-7.811053
-8.386067
-9.223646
-9.318912
-9.097984
-10.562647
-15.041533
-17.671029
-18.822519
-23.631997
-31.319830
-32.587259
-35.555460
-36.594190
-7.159303
-7.641712
2.210584
-0.010828
6.501969
4.400229
7.450412
3.697855
-0.183199
-5.226948
-11.641900
-17.452596
-22.533087
-24.974963
-28.683185
-28.497357
-27.488389
-27.979000
-26.256266
-23.972725
-22.822642
-24.030472
-26.758108
-24.158460
-24.085739
-21.697513
-26.628269
-22.828705
-26.022611
-22.351602
-19.752988
-19.024901
-18.281595
-11.660458
-9.044486
-10.609828
-7.818097
-7.768022
-7.631734
-6.385079
-3.416011
-5.669180
-6.325553
-8.527182
-8.348304
-10.774227
-9.588963
-9.685855
-9.381285
-11.004771
-10.294778
-11.971106
-10.735978
-11.006614
-12.960162
-14.978928
-16.264364
-15.131034
-15.492464
-15.166671
-14.324408
-12.965073
-12.941641
-12.125397
-10.812881
-11.247809
-11.408912
-10.634894
-8.906201
-8.293245
-7.037795
-8.536941
-6.429993
-9.647435
-7.571816
-3.238850
-0.228162
0.109960
3.556065
3.279821
4.019439
5.750916
1.413311
0.724675
-5.101557
-7.163962
-8.734484
-9.238744
-8.970403
-6.168544
-4.907382
-5.083529
-2.225947
-1.469988
-0.640864
0.705497
2.236775
3.734427
1.857528
-1.183893
0.358704
-0.399616
1.957124
-1.468671
2.224159
-0.559854
-4.447276
-6.024136
-4.364514
-5.610882
-5.864021
-6.076161
-8.709790
-8.416939
-10.926351
-10.949221
-11.651374
-10.031495
-12.159945
-15.073373
-9.676729
-6.657595
-4.854037
-3.789911
-3.177015
-1.419707
-2.200522
-0.078138
-1.903172
0.290513
2.486609
3.226638
4.721476
4.423111
5.080034
6.263862
5.851437
5.650734
5.906982
5.855490
6.642181
7.888374
6.921469
6.977294
7.974558
8.515265
8.152674
9.169694
10.470777
13.573951
9.614049
7.965781
7.136563
8.056998
-16.235685
-13.347399
-22.593190
-17.291947
-19.869379
-16.155209
-16.911170
-19.168948
-19.360189
-18.216118
-13.599398
-12.749099
-10.871583
-8.965830
-8.516843
-8.052574
-5.620304
-5.025586
-5.598529
-5.671914
-3.950594
-4.609492
-5.397598
-4.115639
-5.137931
-4.420772
-7.755808
-7.226325
-7.527939
-8.509498
-5.912056
-4.078713
-8.418469
-9.630306
-8.264920
-4.539345
-7.023745
-8.333666
-6.823266
-7.924336
-6.030572
-5.052369
-4.778464
-8.381249
-13.250909
-13.023123
-14.153248
-14.849656
-13.849614
-14.829368
-13.464624
-12.663682
-10.151477
-7.891913
-7.389154
-6.237193
-8.739376
-11.451587
-10.109739
-9.969332
-10.971918
-11.225609
-10.678295
-11.464095
-11.082302
-11.793069
-11.662060
-9.958766
-11.061497
-11.954520
-12.567868
-11.952786
-11.133734
-11.835207
-7.329283
-8.993212
-9.102503
6.022384
3.599754
5.633608
5.666528
1.308304
1.107345
-1.148479
-6.132206
-2.550818
-2.165691
-3.200684
-8.265818
-12.759956
-13.288716
-14.139228
-15.714392
-15.002111
-15.049963
-16.072517
-14.101291
-13.393232
-13.644502
-13.549776
-11.094963
-11.136917
-11.758199
-15.183510
-14.379461
-13.769295
-11.941491
-10.549585
-8.979591
-11.052962
-10.398718
-9.902601
-5.824819
-6.804113
-8.134789
-5.334355
-4.543381
-3.635460
-3.592350
1.605215
2.370272
-1.076267
-2.969067
-3.359623
-3.977220
-4.626484
-7.318775
-8.194051
-9.087740
-10.831365
-10.682882
-11.087424
-10.149933
-12.279242
-15.180006
-14.170821
-13.292562
-14.039722
-13.174463
-11.411202
-13.028803
-13.171582
-13.233962
-13.512810
-11.290334
-12.204968
-11.355914
-11.628679
-12.348784
-12.969179
-12.165656
-7.348020
-8.641109
-7.315667
22.011949
17.899240
24.197615
19.239545
14.589711
10.629353
11.908403
6.457288
8.257573
6.331588
2.638154
-0.063982
-1.778337
-1.341383
-1.591212
-0.118812
0.988571
1.563240
1.365422
6.314016
5.649100
4.494000
4.555464
7.141074
6.994530
5.831172
4.976409
7.979846
6.487292
2.774704
1.911164
2.340288
1.461158
0.559611
-1.277465
-1.252087
-0.823055
-2.234640
-0.449094
-0.569622
-0.978681
1.127557
-1.528362
2.340553
4.970983
5.455313
6.140652
6.020326
5.678977
2.960381
3.235488
1.355524
-0.337990
-0.505690
0.502159
2.886506
3.721721
3.628731
4.825962
5.437875
5.551551
6.253859
7.582634
6.687091
7.033593
6.980081
6.453587
7.906663
6.611897
7.310877
7.220808
8.131771
8.266507
6.759738
3.109674
3.686409
2.708039
-8.717609
-9.192830
-13.841080
-11.638251
-11.753281
-7.034045
-3.368576
-2.983633
-3.469756
-7.242098
-9.190812
-8.973226
-7.344009
-5.266373
-4.103539
-2.970144
1.012680
1.918324
1.224973
4.619942
3.671885
2.468007
2.330044
4.174160
3.440496
2.880865
3.869980
5.694455
3.444880
1.951687
3.206920
3.755551
1.581603
0.390949
1.870173
3.332840
3.754535
5.075607
5.273449
4.367125
5.725845
8.820074
0.169274
-4.240224
-11.106053
-11.460161
-12.200888
-13.767957
-12.601808
-13.693817
-10.858952
-10.493512
-7.912702
-7.656242
-6.299699
-5.113068
-4.793533
-4.666539
-3.710680
-4.437422
-3.999823
-4.362374
-4.348992
-4.698484
-3.438321
-3.427996
-3.769958
-3.020384
-4.424323
-3.909281
-4.584259
-3.047610
-2.196784
-2.897159
-6.389883
-3.057242
-4.891550
-15.607372
-13.019056
-21.068071
-13.939766
-11.733096
-7.280689
-8.236444
-4.836038
-1.136827
-2.668756
-1.943134
-2.426876
-2.993773
-1.974998
0.078456
-1.037295
0.300630
0.101177
-1.235411
-1.805782
-2.305705
-3.863076
-5.912974
-4.490956
-4.140259
-2.976613
-3.442157
-3.987703
-5.049824
-4.273594
-5.936674
-4.708514
-6.299482
-8.174076
-5.232066
-5.004066
-4.217496
-3.110953
-4.047801
-3.860964
-1.537478
0.065333
-1.255162
-1.041871
-3.353842
-4.591124
-4.768632
-5.754491
-4.527816
-4.911970
-3.052023
-3.681698
-2.432571
-3.209657
-3.383512
-3.722457
-5.030891
-5.871589
-5.474096
-7.144649
-7.465066
-7.618964
-7.670761
-8.569450
-7.680558
-7.535035
-7.772568
-6.764678
-7.088456
-5.670764
-5.834188
-5.303677
-5.431234
-6.045267
-6.247463
-6.804370
-5.400399
2.456501
2.416912
0.820539
3.869573
4.936436
2.649318
3.886514
0.651302
5.155716
4.497957
6.257068
6.588057
4.914154
4.913881
6.260687
6.771631
6.066057
5.060749
4.479442
3.518301
3.824560
2.336056
0.780951
2.398671
3.356108
5.361055
2.905541
1.276822
0.637959
0.643487
1.396788
3.080189
1.230197
0.252158
1.643795
0.768446
0.053439
1.235138
0.748278
0.730453
1.522184
0.806209
2.731522
2.889151
8.565407
8.662867
8.900493
8.709276
9.161043
8.722933
8.982865
8.054372
7.876077
6.897647
5.861089
6.234292
5.848695
6.080327
5.905205
5.615626
5.569144
5.597459
5.598140
4.736915
4.582741
4.712996
4.966052
6.241648
6.098277
6.505264
7.115726
7.010766
6.698041
4.607668
5.167276
3.607468
4.657743
-0.596748
-2.136454
-1.169981
-0.084435
1.143192
-1.522835
1.076635
-7.074453
-4.179757
-5.368721
-6.663275
-6.353005
-5.719909
-4.838811
-4.905027
-3.662677
-2.193780
-2.024825
-2.428968
-1.638211
-0.665979
-0.229714
0.768345
2.468234
2.345104
3.419092
0.489008
0.067949
-1.356346
1.279729
2.834994
4.408345
3.086352
3.871155
4.226389
4.912051
2.161657
5.646955
5.572830
5.069856
4.611394
0.176440
0.002433
-2.642981
-3.661056
-4.288149
-5.335123
-6.120753
-4.782949
-4.995549
-4.100351
-4.280705
-3.754129
-2.946592
-3.005638
-2.230407
-0.734448
1.056924
0.477765
1.926136
2.690441
1.809796
1.247995
1.044273
0.707185
0.856718
2.150585
3.547003
3.157457
2.194905
2.472014
1.997741
2.120182
1.744725
2.938108
2.683106
2.651145
-2.247929
-0.773986
-1.817594
1.262511
1.688916
-0.211434
-3.245037
-6.342214
-2.876140
-0.767539
-3.697205
-4.234499
-3.176333
-2.361368
-3.364067
-3.345291
-3.062112
-2.358441
-3.303795
-3.164487
-2.330402
-2.009547
-1.593542
-0.696318
-0.299488
0.137434
-0.281420
1.519047
0.609506
1.346127
-2.577430
-1.878361
-1.356940
-0.863999
-3.333728
-4.232771
-5.915614
-2.139237
-4.056180
-2.511297
-4.120819
-8.093173
-7.691704
-2.402407
-2.675532
-4.037392
-4.385413
-4.859403
-2.893704
-2.923715
-1.433558
-1.960754
-2.909405
-2.231882
-2.523576
-3.409926
-1.547301
-0.228663
-1.583916
-1.386802
-1.641505
-2.617499
-3.110357
-3.004825
-2.866633
-3.184739
-1.868328
-0.739917
-0.628191
-0.555609
-1.091551
-1.221974
-1.663736
-0.913136
-2.065081
-4.484553
-2.496516
2.375413
4.370403
3.357689
6.249599
4.918156
4.006061
2.725666
5.266469
5.070245
8.409865
8.098029
8.167467
6.785942
6.208463
4.799304
4.961644
2.862605
2.806890
2.541293
0.619134
1.557317
0.070710
-1.288444
-1.693419
0.511332
1.142429
3.533157
4.535640
5.312282
2.857757
2.595506
2.350617
2.068083
4.191859
0.314128
-0.377959
0.238532
3.900232
0.317895
4.049552
2.227006
2.274671
1.266934
1.963045
6.789887
6.123302
6.560231
6.055961
6.829684
6.669659
7.415921
8.342950
7.198038
6.056508
4.130532
1.814167
2.807967
2.659143
0.553944
-0.874110
-1.814311
-1.985461
-1.989492
-1.401634
-0.833209
-1.386126
-1.165959
-1.058592
-0.709390
0.753795
0.488829
0.953956
0.160690
-0.722169
-3.938678
-3.563011
-2.193173
