-20.013315
-18.383709
-15.982206
-16.185952
-15.220985
-6.565967
-4.695230
-2.802557
-4.349877
-3.550041
-0.015605
-1.271901
-1.057742
-1.913038
-3.315486
-2.198588
-4.859194
-14.395213
-17.239724
-23.798690
-24.567868
-24.914941
-23.950040
-22.147109
-18.395976
-20.432744
-10.431277
-10.503779
-20.181474
-28.602263
-29.011188
-32.908959
-31.574479
-27.285461
-23.212114
-16.446416
-12.696743
-8.340161
-6.906922
-6.811254
-7.560043
-7.743655
-5.339296
-6.678846
-7.142823
-5.397131
-4.092632
-4.819714
-8.330171
-10.500509
-16.238154
-19.973575
-20.942021
-21.318599
-19.134634
-20.703521
-19.115411
-20.734864
-23.850291
-33.156512
-34.391212
-40.043161
-12.940507
-15.375960
-16.225227
-15.422115
-17.898297
-20.206582
-22.512616
-20.708375
-19.606573
-19.276842
-18.887126
-18.396766
-16.533124
-13.696120
-14.283468
-11.892559
-9.986730
-9.983000
-3.523869
-2.164762
-2.968826
1.482444
5.876609
8.052945
7.204171
-1.859763
-6.671507
-11.639040
-15.522246
-8.535115
-2.740533
-3.732709
-16.786455
-20.411924
-23.890339
-21.385200
-20.513811
-16.397287
-13.143338
-11.512059
-10.576531
-9.760353
-9.236366
-9.464200
-9.713467
-9.454454
-8.512960
-8.232895
-14.476891
-22.097113
-23.063640
-16.765418
-18.463320
-19.220412
-16.936681
-17.387384
-14.250588
-13.549677
-9.906772
-13.935216
-12.878606
-7.229039
1.225503
1.523438
0.275728
1.774417
-1.021543
-1.314853
-2.812846
0.063406
3.566757
2.717147
2.229574
2.012875
3.867427
5.286610
2.507322
3.490322
4.178493
6.528803
5.244647
3.213754
2.285843
2.688598
3.705302
1.994061
0.647721
1.026687
1.301160
1.083283
-2.272702
0.427185
-1.303759
-2.745055
-1.942892
0.070210
-1.418063
-0.129716
-0.084419
0.943237
2.634720
4.421260
6.372688
7.429209
7.352611
6.772694
5.872759
5.714670
6.209341
8.184306
5.094605
-2.268626
-0.150284
0.787436
-5.263597
-3.871399
-0.815898
-0.851843
-0.885844
-1.504399
0.600499
0.417359
0.618924
2.274608
-7.356751
-6.986715
-9.385545
-6.595772
-6.923266
-6.892234
-12.592115
-11.679515
-9.769287
-11.427935
-9.349420
-9.923860
-9.499527
-10.324411
-12.221976
-11.916041
-12.753656
-9.543518
-10.427691
-11.245502
-11.857459
-10.753524
-8.026531
-7.510275
-7.068373
-12.297160
-12.531113
-11.835042
-12.315964
-8.400231
-9.886623
-8.900380
-6.018843
-9.736816
-12.036268
-12.497531
-14.993108
-15.624917
-14.940113
-13.741236
-12.384161
-12.231294
-11.368387
-11.149918
-11.803980
-13.407303
-13.530538
-11.884302
-9.993243
-11.561406
-6.114014
-6.829654
-12.472816
-11.127270
-7.979171
-8.097596
-10.973681
-9.671599
-10.938797
-10.893001
-10.050502
-9.829529
-1.990111
-2.911133
-4.514753
-2.903297
-4.165944
-10.381302
-18.605906
-16.944665
-17.456241
-19.023274
-15.740117
-15.187077
-14.780320
-15.001561
-14.547433
-13.550085
-13.441929
-10.805648
-7.019105
-8.306630
-9.974536
-6.112569
-4.517392
-3.913390
-1.982862
-9.134306
-9.968350
-11.016900
-8.240294
-7.018102
-8.673933
-5.837891
-4.692912
-9.113615
-12.969598
-12.447389
-15.546185
-16.270116
-15.611682
-14.649740
-14.415368
-14.184745
-13.007842
-11.505427
-10.109602
-12.617144
-12.748408
-13.527938
-9.969584
-6.398890
-2.202996
-3.350038
-3.984680
-4.524401
-1.996543
-1.274881
-3.056217
0.912484
0.818279
1.134744
2.286295
5.389480
6.635683
6.284397
6.629313
7.133058
6.024364
4.797330
0.628719
2.762027
1.832234
0.945007
4.608835
5.355537
5.785494
6.633748
6.456645
6.492768
7.446743
7.533501
8.534333
5.098666
3.375036
7.267242
3.223816
1.385456
1.190268
0.147335
3.500145
3.018465
5.827398
0.505212
-0.427494
-2.509484
4.935175
5.647171
4.769524
7.869504
7.445953
6.380021
5.848427
6.421060
7.171869
8.082425
8.784672
9.213841
10.373028
9.042120
8.992086
7.345534
8.909323
12.107621
10.436767
6.255363
5.960895
6.292825
8.673926
10.751084
9.936059
11.730717
12.409851
15.316600
13.554880
13.687969
-9.729896
-9.783123
-9.543900
-7.820803
-7.635361
-0.926020
-1.254926
-2.290463
-2.324926
-3.396781
-0.253238
-1.049853
-1.063243
-0.043898
-0.507042
-1.295024
-0.587992
-1.315669
-2.573762
-1.544542
-1.531216
1.736228
-2.117858
-1.526082
-1.503717
-5.170404
-4.758099
-5.240960
-2.399303
-5.497154
-0.511802
-5.400639
2.756496
-3.057832
-3.416050
-0.832792
0.051597
-1.315187
-2.498423
-2.318929
-1.094630
-0.658453
-0.667162
-1.357827
-2.519205
-2.897984
-3.201493
-3.898749
-4.039141
-3.354935
-7.528089
-6.897230
-10.403595
-9.386166
-7.273076
-5.034963
-6.915985
-6.447589
-7.375957
-2.864453
-4.737790
-6.334564
-11.674524
-11.587507
-11.587074
-9.414096
-11.780095
-9.131468
-7.582023
-8.569950
-6.557546
-8.193495
-7.634804
-9.774443
-9.522633
-8.692230
-7.489075
-7.828034
-7.924562
-8.589502
-9.133598
-6.444954
-5.802142
-5.050213
-5.746789
-5.563170
-1.561907
-4.410569
-5.730010
-5.502545
-4.193813
-7.581828
-2.998485
-5.070055
-0.380782
-6.798845
-7.797336
-6.043298
-5.318825
-6.030626
-6.010447
-6.084053
-6.419919
-6.638185
-6.889407
-6.407806
-7.836795
-8.339718
-8.377777
-8.932654
-8.528502
-8.620594
-10.794320
-6.958515
-9.724914
-11.130664
-10.142085
-9.333741
-11.517615
-9.775237
-10.236185
-7.955560
-6.222560
-6.502248
-1.207338
-1.441015
-1.791134
0.172206
-2.315072
-2.955904
-1.544098
-0.517436
2.702345
1.502428
1.865431
0.276777
0.133313
0.641441
1.917946
0.965737
0.898255
-0.144939
1.625316
1.505228
2.512730
1.729061
3.260461
-0.176201
2.033297
1.087680
2.434430
3.547273
1.742572
-0.866392
2.167849
0.906020
-0.164292
1.494096
2.103530
3.851206
4.647486
5.330787
6.310986
6.011367
5.089215
5.029273
5.767501
6.572810
5.755827
5.618627
6.281674
5.039586
5.696384
4.522962
4.288312
3.676265
3.937574
0.788026
0.925989
-0.155826
-1.159345
-0.459019
0.443454
-0.499313
2.212263
-0.262772
-4.391814
-3.849945
-4.536179
-3.246264
-3.275570
-2.828264
-3.155302
-1.792513
0.420349
-0.973157
0.695795
0.555935
0.157216
1.168896
1.198590
0.465894
1.683518
-0.036209
2.999349
1.189705
2.537012
1.936102
3.263075
1.105203
0.926944
-2.617699
-1.079971
-0.601975
-2.576295
1.425952
2.070105
0.718597
-2.144403
-0.011177
-0.212485
0.311208
1.219845
1.713768
2.040765
2.404343
2.687068
3.044409
3.993426
3.196201
2.360392
3.393366
4.563064
2.753483
2.922297
1.151283
1.282083
1.470156
1.927001
-0.657470
-0.472524
-2.335730
-2.227209
-2.663716
-3.086330
-4.233978
-2.736115
-5.381265
-2.056263
0.021568
-0.170776
0.012328
-0.569515
-0.785443
-2.412259
-1.227482
0.271358
-1.809259
-0.704716
-0.634246
-0.711642
1.287178
1.769792
2.784456
4.449900
2.004903
2.823807
0.270854
1.111451
0.355245
-1.785872
-0.888419
0.571844
-0.623585
1.089739
0.856853
0.285842
5.124330
0.897371
0.564005
1.794404
1.806691
0.066405
-0.879573
-0.262312
-1.323026
-1.687122
-0.746561
-0.711775
-0.299838
-0.303235
-1.436824
-1.898463
-0.357542
0.565424
-1.117441
-1.141442
-1.158637
-0.842441
2.658618
1.209624
0.157700
0.766092
-0.419749
-0.248158
0.234061
-1.007166
-1.369424
-0.853930
0.381879
2.236533
2.985738
2.415452
3.048994
1.888211
2.960042
1.322035
1.158216
3.708512
1.999786
2.478834
1.766297
1.117136
2.797113
4.542943
5.531455
5.731815
3.737669
3.625882
3.396747
3.808929
3.597628
1.504953
2.241219
1.719110
2.380627
4.092434
3.066466
3.396635
5.295070
2.504624
2.600682
3.637126
3.685042
3.569846
3.018726
3.042584
1.408465
1.220392
1.469823
0.449508
0.453289
0.553491
0.211766
0.396060
1.091570
0.966225
0.418144
0.737409
1.874900
2.366263
2.884532
0.476724
0.010380
1.084547
0.685477
0.273611
1.522221
2.203034
0.646876
-0.321856
0.978113
