-7.546556
-3.650067
1.273907
-0.542623
-0.773506
1.479883
0.147355
3.570233
0.000711
-7.654343
-11.305681
-14.033818
-15.010756
-13.064593
-15.088444
-12.391956
-16.516693
-9.361944
-0.675074
-0.802246
0.861718
4.037890
1.026650
4.779463
2.395141
1.334841
-6.584356
-14.502819
-14.408223
-19.226259
-23.005122
-28.354677
-27.177214
-26.407697
-25.224254
-17.643890
-8.939992
-4.494339
-4.481189
-3.120700
-1.581176
-1.770585
0.143101
1.061335
0.631312
-0.199149
-0.695645
-0.994089
-0.359286
-2.029156
-1.926177
-4.146982
-2.656245
-3.325450
-10.063842
-23.785696
-25.638062
-28.290655
-29.361602
-28.022607
-31.677839
-26.671297
-25.853614
-23.266696
-25.837579
-27.628633
-25.113284
-25.415278
-21.863337
-21.927054
-20.490845
-15.341911
-16.261583
-13.936683
-15.069038
-17.526334
-17.358128
-19.495085
-20.024006
-20.733526
-22.417039
-20.452492
-18.636759
-24.244029
-23.145611
-25.303864
-24.169604
-26.631947
-24.717813
-18.579876
-18.645758
-16.300855
-16.359469
-12.034783
-7.837720
-20.235669
-27.176597
-28.798807
-30.801882
-32.622290
-31.658723
-30.145558
-29.656544
-27.196052
-26.319864
-26.558644
-27.032512
-27.404800
-26.731302
-25.250486
-24.911759
-24.121301
-25.463060
-23.444977
-25.303586
-21.135276
-17.857756
-14.103198
-11.700886
-10.608061
-16.063458
-14.451750
-4.867076
-3.669476
-1.363599
-3.716272
-4.936385
-2.836922
-2.614001
-0.731207
0.320579
0.127147
2.707987
3.007416
4.970452
2.089951
1.415125
2.900435
4.563133
3.115800
3.918455
2.703475
3.737272
3.658273
-0.090908
1.008517
-0.491000
1.765808
0.890635
-0.123528
1.933306
-1.787549
-2.173066
-2.734816
-2.210690
-1.499246
-4.792116
-4.659331
-4.392765
-4.146404
-6.187046
-7.414232
-6.139041
-5.636878
-1.600661
-0.549020
-0.847955
-2.483952
-3.261289
-2.519933
-0.833755
-1.178940
0.045936
-0.215651
1.054971
-0.888593
1.340716
0.003251
3.068936
3.089760
0.735189
-4.466410
-2.217689
-10.066277
-11.520569
-8.764869
-10.006903
-10.179023
-10.367052
-10.931522
-9.806787
-9.822352
-9.425601
-6.590854
-5.286098
-7.787540
-8.033204
-7.184879
-5.569237
-3.774881
-7.691627
-7.059709
-8.079708
-8.396246
-9.858908
-10.827290
-7.607540
-8.288661
-8.231115
-9.596539
-8.935088
-11.269872
-13.426400
-12.381401
-13.295908
-14.054916
-12.561817
-6.840571
-7.501105
-7.376829
-5.330970
-7.000849
-7.586223
-7.808450
-7.821360
-3.914253
-3.239919
-2.730546
-4.080198
-4.725664
-4.491032
-2.518137
-4.193339
-4.272789
-4.411841
-3.820474
-4.844005
-4.342824
-7.888136
-7.131942
-6.002976
-8.060861
-10.911986
-7.744179
-14.654947
-15.756565
-13.547408
-13.870853
-13.401030
-13.371596
-14.240445
-13.314145
-13.343669
-11.457381
-5.738511
-4.358271
-7.450769
-5.440633
-4.122318
-4.382694
-6.018371
-12.998008
-14.217335
-15.978395
-15.164481
-16.373438
-17.074754
-14.056902
-13.655623
-16.338272
-18.842274
-12.641418
-11.682489
-8.923823
-4.980690
-7.755109
-9.102912
-7.236070
-4.811993
-7.243257
-8.288545
-7.261134
-8.317645
-6.554691
-6.780981
-6.057071
-4.728207
-5.217384
-4.588506
-5.038368
-5.845116
-6.946822
-6.094931
-7.283973
-7.818622
-8.289621
-7.484741
-8.736217
-7.728009
-2.294174
-3.143314
-0.928337
-1.559244
-6.028297
-4.526280
3.827696
6.625107
8.504622
8.980398
9.322754
10.126076
9.432106
9.434159
9.190729
7.055343
9.218801
9.344108
10.347939
10.307348
12.155886
10.718198
8.154337
3.952839
5.237728
4.680617
7.305786
8.426850
6.597783
7.464668
7.365847
5.080119
2.494454
5.020956
7.625213
9.320330
11.171633
6.113287
5.154053
4.963794
2.260495
2.434233
2.435664
3.196732
1.564333
3.435959
3.650724
5.130677
6.044458
5.350159
5.388561
4.881321
3.542635
1.509147
1.217624
0.192310
1.065863
0.579644
2.081479
-0.211009
-0.341514
4.685333
2.898286
2.234090
3.360943
1.433267
0.884863
4.203236
5.855932
6.158066
5.698902
5.589174
5.721037
4.588669
4.008020
2.313106
-1.216939
-2.038871
-2.985679
-0.412350
-3.002656
-0.839698
-2.496897
-4.173958
-4.187709
-0.849512
0.552816
3.368312
4.854371
3.835541
5.305956
4.125296
3.577260
3.880197
0.649265
-0.889105
-2.379023
-0.868738
-3.241694
-2.094419
-0.741187
-2.698194
-6.413525
-7.127139
-5.846812
-7.176118
-6.768478
-7.778375
-6.839192
-4.323877
-4.578873
-4.259676
-4.356575
-5.560664
-6.853713
-6.972001
-8.642061
-7.159661
-7.638204
-5.883787
-8.410326
-7.984339
-9.318078
-10.430528
-11.628038
-8.373915
-4.776277
-2.959449
-2.728303
-3.226059
-4.954557
-5.712799
-6.413651
-5.436613
-6.063036
-5.971655
-6.797572
-7.436567
-7.861839
-8.723746
-7.666495
-9.952132
-8.139542
-9.481965
-10.544298
-8.838838
-5.629493
-4.631361
-3.296655
-5.717747
-5.017870
-2.544532
-3.033406
-3.210463
-0.180606
-2.485603
-5.284658
-7.255638
-4.196801
-3.046807
-3.740352
-1.022122
-0.978586
-3.195351
-2.909743
-1.308859
-1.059053
-1.550865
-2.894843
-1.778254
-0.501242
-1.167522
-0.298517
0.470605
-0.250025
-0.630964
-1.031498
-2.113308
-1.714861
-2.857452
-2.079637
-4.968201
-4.583013
-2.493324
-3.457231
-3.500544
-2.218545
-0.705208
2.416481
-1.227495
-0.381454
-1.069381
0.412314
-0.765973
0.989841
1.349372
1.608256
2.749273
3.027455
1.847901
1.671765
1.227531
0.969097
2.389955
0.991524
1.686271
3.605676
5.403526
5.866598
5.619276
1.582358
1.626880
2.128896
2.358926
1.823089
3.627255
4.648762
4.697870
4.062336
5.550640
6.591764
4.100031
5.497862
1.791062
4.905421
6.116614
7.315991
7.196598
6.787231
6.511780
8.665663
7.313409
6.572389
7.573469
8.736496
8.326971
8.109031
7.282227
6.274977
5.821183
3.802274
3.716952
1.014958
0.422628
6.545165
5.145750
5.922562
5.171911
1.390691
3.411537
-1.787206
-0.579782
-0.413166
-0.071928
0.066384
1.239219
0.896943
-0.253922
-0.221824
-0.829843
-0.464372
-0.441153
-1.930452
-0.985909
-0.125539
-1.382335
0.026192
0.011764
-0.592734
0.765732
1.703703
1.316627
1.023419
1.147516
1.718977
1.141545
0.267453
2.404230
2.778279
2.699197
2.060473
1.287704
0.400242
-0.250056
-5.432194
-3.947127
-4.676687
-3.157977
-2.944621
-3.485812
-3.603982
-1.584410
-3.350476
-3.612350
-2.707747
-1.226067
-1.330219
-1.221743
-1.852711
-4.279624
-4.133812
-5.908752
-5.317493
-5.767170
-4.355054
-2.516980
-2.822635
-0.932728
-2.703701
-7.391289
-5.559531
-0.048203
0.487676
-0.258647
-2.189533
-1.119602
-0.944752
-1.749542
-2.592750
-3.836397
-5.170878
-2.237285
-3.119065
-4.107094
-3.873610
-4.189171
-3.972384
-2.939070
-5.161442
-5.364025
-4.342985
-2.588763
-0.866324
0.121339
1.604311
2.921351
2.926217
2.766521
3.486820
2.105799
1.173319
1.178967
-0.279773
-0.202426
-2.260325
-1.222622
-0.078313
-0.448644
0.849408
2.004702
0.481703
-0.735177
0.213967
-0.761544
-1.292856
-0.677221
0.904156
1.432530
2.206661
1.936760
-0.060031
0.404516
-0.870340
0.341730
0.492245
3.251889
2.880488
2.982100
3.812597
0.325307
-1.027200
0.038512
-0.433707
0.264078
0.056701
0.187151
0.018281
-0.551443
-0.424054
0.434053
0.436596
-0.617125
0.443245
-1.372868
-0.727131
-1.066522
-1.537759
-0.849598
0.671436
-1.655684
0.544629
0.518507
0.392543
0.462910
0.750785
0.876706
1.747786
2.159435
4.702693
3.301835
2.362135
1.240769
2.199381
2.116531
2.089913
0.601993
5.560387
7.447652
9.111034
8.279014
8.441887
6.921158
5.181847
5.499307
4.955735
4.269765
4.486356
5.582626
6.617598
7.672924
7.751782
7.753949
7.425255
5.599668
6.281396
3.886562
4.437695
7.093331
5.535549
4.077883
2.339719
5.968846
5.567998
