-33.740720
-3.671957
1.635215
-16.387998
2.223776
18.602970
-8.256440
-14.735246
2.895232
1.583634
0.012059
3.285307
-35.801487
-5.985257
2.741163
-14.957342
1.958717
18.044915
-6.215481
-10.432791
3.573472
-0.764748
0.653436
5.997403
-41.700837
-1.625290
2.546493
-19.744333
2.002618
20.129502
-6.992400
-11.087814
4.609015
0.870026
2.205658
7.056558
-47.499490
0.269964
4.507290
-17.331536
2.330946
16.575639
-8.385273
-9.874447
4.528182
0.482238
1.518455
3.803549
-50.166934
1.087113
3.546882
-19.028170
-2.199570
12.730959
-5.645516
-7.227657
3.459348
1.051681
3.535180
4.442072
-49.548762
2.835535
4.661403
-12.196234
1.980323
10.529208
-3.984141
-3.198528
3.257383
-2.464104
-0.163467
3.564580
-51.677273
-1.385070
-0.618733
-11.021168
2.218994
9.185834
-2.863072
-4.134865
3.935861
-0.692615
-0.807606
7.953365
-41.471402
1.030788
-2.710831
-6.322361
1.305723
4.781585
-0.059176
-4.987560
-0.180091
-2.027699
-2.186158
8.120941
-16.599200
-7.417098
-22.902821
-14.319442
-3.031114
0.978922
5.600479
0.620830
0.055443
0.168601
-1.492558
5.384084
-10.034339
-1.335770
-20.823837
-10.378228
0.078910
-1.538436
3.481810
1.606522
1.234461
0.677489
-2.782852
3.485628
-2.207811
5.251407
-14.245321
-8.580976
0.488278
-3.429623
-2.818134
-1.761014
-0.259942
-3.056216
-4.447695
4.183605
-6.525257
-3.769185
-16.041179
-6.057731
0.672166
-1.192340
-0.134566
-2.508644
0.269017
-2.443519
-5.486954
5.111386
-12.292047
-6.166529
-17.749717
-4.989479
2.093560
-2.506724
-1.088875
-3.779655
-1.266796
1.236309
-0.586818
5.445809
-10.199550
-26.050265
-10.816567
-9.106924
-8.080983
-0.754611
-5.865048
-2.217404
4.234872
-5.392149
-3.787276
5.885921
-4.207600
-31.750209
-6.900758
-8.019000
-11.425630
1.808042
-2.146162
1.048677
8.001399
-2.936674
-1.241930
7.407253
-2.321421
-30.499419
-5.038357
-7.254178
-10.609420
2.810418
-2.068469
0.241415
5.515175
-5.526125
-3.449844
3.654031
-2.975075
-30.848847
-1.675088
-8.059161
-13.589389
4.691599
0.537677
0.673953
6.468329
-4.436991
-3.671729
2.773601
2.765544
-29.680867
-2.468354
-6.396027
-12.472447
3.874602
0.436817
0.304614
6.608053
-2.113333
-2.560221
2.062533
2.788917
-28.430461
-0.540550
-4.636333
-12.989058
4.365697
2.813998
0.265393
6.203452
-1.342009
-3.196930
1.841651
1.943894
-28.258590
-1.204892
-4.147139
-13.005431
4.720252
3.732167
-1.982328
4.096859
-0.737691
-3.477694
0.425941
5.502201
-23.832687
2.872864
0.034144
-9.152535
6.564586
4.213486
-2.499251
2.893640
-0.109243
-2.654633
-0.962765
4.377983
-25.377927
1.811953
-1.539059
-9.572214
6.756090
3.442377
-2.870736
2.610418
-0.053126
-1.330051
-0.544910
4.561439
-25.596401
2.089412
-1.693403
-8.894831
7.846054
3.241064
-3.545336
1.832948
-0.334308
-0.647758
-0.539171
4.385483
-25.784423
3.143409
0.459857
-8.379206
7.790900
4.353372
-3.431007
0.921485
-0.743825
-0.920745
-0.381264
4.298631
-24.864807
1.188281
-1.373341
-9.861662
7.215641
5.463000
-3.957223
-0.029288
0.052214
-0.822691
-1.323469
4.115782
-22.912639
1.397611
-1.496202
-8.976209
8.250404
6.198671
-3.585366
0.521022
0.538119
-0.728081
-0.900272
1.569604
-23.913201
3.461086
-1.041255
-10.894951
7.096139
6.533999
-2.312300
0.731299
-1.023056
-0.936343
0.904672
-8.300349
-29.561102
-1.272678
-7.222033
-14.822406
6.001415
5.061385
-2.597851
2.280549
-0.958306
-1.193641
2.680309
-8.645183
-28.209249
-0.732070
-8.115518
-15.224476
6.004480
4.350621
-2.183737
4.416994
0.172746
-0.918128
3.839019
-14.721043
-27.132080
-3.884177
-9.291424
-11.894871
7.834283
5.516742
-1.524928
3.447952
0.792542
0.849202
3.528098
-22.104708
-24.716297
-10.113060
-9.610440
-10.442208
4.563015
4.698943
-5.374962
0.370299
3.631546
0.980974
2.713891
-26.230342
-21.067777
-6.573108
-6.065857
-10.770257
2.302409
6.174366
-3.713440
1.096275
3.160047
-1.817832
2.219040
-27.289292
-18.305730
-7.143805
-7.012213
-9.779082
4.074406
7.632876
-3.812501
0.211173
1.415816
-3.118936
3.733136
-30.816040
-17.258028
-8.689458
-9.278842
-9.235085
3.871579
6.128649
-3.169291
2.303148
2.847013
-2.599403
3.783296
-31.337232
-12.504840
-5.952485
-9.033648
-7.328585
4.132775
5.803179
0.243477
4.130038
1.395561
-4.446525
-0.195121
-33.423758
-12.184939
-11.158980
-11.679618
-8.208564
1.861617
3.953044
-2.922246
3.406691
3.140911
-6.011477
-0.930845
-36.927862
-10.469594
-7.323501
-7.947517
-7.004111
1.679754
6.259983
-0.446969
3.238554
3.540927
-4.115642
0.892924
-36.733425
-7.056828
-7.383457
-8.051184
-6.253096
0.826271
6.449814
-1.246352
-1.113312
2.118270
-1.467583
2.055364
-43.594399
-11.469227
-9.699562
-12.112742
-7.035403
2.190317
5.388158
-0.375865
0.855765
2.551633
-0.619721
0.589280
-36.772547
-5.187780
-6.731295
-7.735076
-5.184257
2.175560
5.496432
-2.857538
0.977808
3.215469
-3.898819
0.607765
-39.432185
-5.452632
-7.451963
-5.979102
-4.418447
2.587932
8.396276
-1.819808
0.381142
2.572647
-4.530034
2.688751
-39.955472
-1.580587
-8.207582
-7.938930
-1.940254
3.310536
3.703741
-3.628326
3.681756
2.290651
-7.694699
3.544122
-35.321688
-1.698920
-8.105421
-5.025013
-2.227162
-0.783673
3.501251
-2.163047
1.436662
1.598546
-6.793548
1.682636
-21.396118
-12.021440
-14.587696
-5.600211
-3.712540
-3.915531
2.150755
0.313608
0.365764
-0.828909
-4.692177
1.733563
-29.554179
-6.031457
-10.769458
-2.974272
0.744334
-2.986847
0.203249
0.005778
2.522475
1.889214
-2.875906
3.074566
-21.852101
-6.264304
-4.257454
-10.340667
-0.559740
2.839285
-7.724936
-0.890352
6.396194
-4.154561
-4.182372
2.722591
-2.053860
-13.652786
-8.668447
-13.067338
-2.259690
3.245124
-13.143690
-2.890427
11.602550
-4.270092
-6.112589
6.696390
0.142608
-14.229029
-7.197526
-13.873682
-4.176570
2.843300
-14.573502
-4.327678
10.725736
-5.945042
-7.240813
6.266713
0.457503
-16.255599
-7.068155
-14.333893
-4.044547
3.715977
-15.349104
-3.962642
11.967660
-6.457419
-7.936113
6.106084
1.053693
-14.276788
-4.884962
-14.274427
-5.100390
2.969535
-15.191992
-3.252427
11.586134
-6.583506
-6.767153
6.324924
-0.305414
-14.578805
-5.048721
-14.641347
-6.340583
1.665357
-15.700174
-4.031206
10.758581
-6.642843
-6.861999
6.152346
0.651661
-12.645933
-4.590575
-13.910415
-4.326708
2.509694
-15.792203
-3.575893
10.427549
-7.813341
-7.316050
5.729980
0.319714
-13.228901
-3.942864
-12.974991
-4.604463
3.060539
-14.459323
-3.474830
10.645570
-7.566324
-8.205540
5.237552
-0.268852
-13.618189
-2.688810
-11.171330
-6.168640
0.762049
-14.106045
-3.120993
11.050149
-5.803468
-7.146025
5.282180
0.865937
-13.864595
-1.482218
-9.760261
-8.213280
-0.809605
-13.054112
-3.468277
10.432770
-4.901504
-6.501789
5.253651
-0.365079
-16.334707
-0.906856
-7.712827
-8.221867
-0.741525
-11.531215
-3.266298
9.618267
-4.051557
-4.796552
5.373831
-0.417375
-18.262017
-1.360174
-7.422058
-8.507265
-0.381106
-10.065114
-2.723907
8.242456
-4.984553
-4.496586
4.762285
-1.697672
-20.303262
-1.340074
-7.850839
-10.357178
0.200618
-7.767250
-3.169981
6.937343
-3.403644
-3.275209
2.945186
-3.669967
-21.013352
0.854451
-7.969510
-11.532623
2.212876
-5.637457
-3.563446
6.701191
-1.682170
-2.149051
1.870177
-5.006614
-22.571394
0.627631
-9.420545
-12.940810
3.164304
-4.952429
-4.500890
6.368610
-0.788740
-1.950012
1.154384
-4.054993
-21.676728
1.071878
-10.937375
-15.375730
1.983864
-5.748541
-6.462926
4.722807
-0.634435
-1.996589
-0.470383
-3.854710
-18.419617
4.745274
-9.714986
-15.625013
3.125745
-2.434087
-3.850257
4.549267
-1.080450
-1.332926
0.036482
-3.932554
-16.917607
4.122093
-10.907973
-15.338133
3.732348
-2.924323
-5.039411
4.370092
-0.524761
-1.592838
-0.287841
-5.109759
-16.109627
5.201163
-11.100699
-15.007643
5.274990
-2.725193
-6.414417
4.209172
0.788768
-1.192459
-0.852672
-6.293571
-16.323337
5.313074
-11.382805
-15.158947
5.575116
-3.361369
-8.153122
3.177816
0.397434
-2.041109
-1.381581
-8.116644
-16.875090
4.523810
-11.257304
-14.153437
5.672771
-3.868486
-7.939123
3.924618
0.884558
-1.555819
-0.646730
-8.711135
-15.798954
2.838321
-13.039129
-14.013445
5.499413
-4.803904
-8.214121
4.566148
1.007872
-2.334407
-1.015653
-8.193252
-13.313597
4.699579
-12.725273
-13.976604
6.783920
-2.579519
-6.848025
4.647358
0.591871
-2.805765
-1.150192
-7.587998
-13.916162
4.695128
-11.651726
-12.608323
7.707586
-2.820462
-7.921714
4.535527
1.698588
-2.626379
-2.156463
-7.989933
-13.463277
5.802777
-11.518028
-13.240619
7.421425
-3.216974
-8.726766
4.118270
1.807705
-2.852544
-2.758146
-9.608234
-11.625624
8.239182
-11.155707
-13.623913
7.809455
-2.445618
-8.263524
3.612710
0.729800
-3.219485
-1.895478
-10.472747
-10.953142
8.645894
-10.703649
-13.052200
7.937826
-2.500348
-8.033736
4.509206
1.627602
-3.554318
-2.938471
-15.160719
-14.698354
5.570045
-12.740645
-13.440660
8.064169
-2.620009
-8.100792
4.077112
1.043932
-4.113352
-4.155562
-14.602964
-12.586176
5.820708
-12.439679
-11.435509
9.698682
-1.714185
-6.042716
7.578399
4.614708
-0.950117
-1.440805
-16.064145
-11.371818
5.975032
-12.887926
-10.345729
9.526444
-3.892483
-7.034938
7.556239
4.637093
-0.541702
-1.722052
-19.012074
-8.982752
7.069027
-14.019689
-12.102499
8.418177
-2.338428
-4.515003
7.204794
1.900221
-1.880791
-0.131965
-24.575909
-9.114195
7.099373
-14.223693
-10.344152
9.504232
-2.892600
-4.477697
6.850509
0.633686
-2.397172
-0.250816
-30.207424
-6.902294
10.266765
-13.568992
-10.188545
8.990741
-4.949145
-6.456478
6.371534
1.934538
-0.227446
1.802712
-34.371438
-8.379339
9.143602
-13.426742
-8.219323
9.757723
-5.655732
-5.523937
8.737540
3.042764
-1.018119
-0.145803
-35.186931
-6.462235
9.843305
-15.147929
-8.075233
13.475420
-2.764622
-5.977446
7.210362
1.446389
-3.577134
-2.932018
-40.660011
-6.487188
13.440766
-12.548546
-10.932711
8.126748
-5.540831
-8.448354
2.459141
-2.753162
-4.571057
-0.937249
-45.005682
-8.834135
7.355001
-13.329380
-9.087737
7.110542
-4.964652
-6.509231
5.257083
1.583086
-1.387819
1.758556
-43.329219
-1.429755
7.426427
-12.848226
-5.431865
7.297438
-8.254403
-9.185816
6.489434
2.975118
-2.847313
1.065226
-47.184912
-2.690761
7.875085
-10.939896
-2.686160
9.555628
-5.948637
-6.801601
7.035835
2.282534
-3.218916
0.546611
-55.022404
-2.429751
9.384588
-14.394181
-5.556490
10.609516
-5.506802
-8.955712
3.125120
-1.098319
-3.762632
0.599847
